0.33121
0.05867
0.40728
0.48837
0.18059
0.06353
0.09787
0.16112
0.12041
0.24552
0.22011
0.50867
0.53373
0.12629
0.43825
0.32303
0.35876
0.27844
0.38824
0.26459
0.25555
0.08165
0.18681
0.11418
0.20942
0.58394
0.50141
0.4622
0.31555
0.199
0.29188
0.06203
0.32875
0.21236
0.11469
0.15278
0.62998
0.34423
0.17932
0.31838
0.40386
0.06758
0.32567
0.39096
0.4144
0.72553
0.48101
0.29962
0.41522
0.10591
0.03236
0.14356
0.44378
0.43559
0.25091
0.77098
0.18344
0.45669
0.2516
0.03368
0.70064
0.22493
0.51581
0.18361
0.41734
0.27816
0.26557
0.27873
0.27873
0.14764
0.67907
0.24626
0.38136
0.44052
0.40952
0.21784
0.09572
0.52342
0.16041
0.48115
0.34206
0.16007
0.24552
0.52185
0.38246
0.2852
0.58295
0.02592
0.46421
0.24084
0.2688
0.52363
0.49701
0.47906
0.29319
0.29475
0.50797
0.6206
0.02314
0.286
0.05822
0.10862
0.44378
0.6206
0.50797
0.29475