1.172259744
0.787886521
1.16459165
0.495172003
0.525097182
1.033960283
0.952059726
1.353359144
0.312211028
0.400114667
0.446263797
0.804897399
1.177459709
0.941722956
1.264996527
0.901471912
0.970286306
0.378164399
1.062881858
0.963817715
0.861335711
1.18509839
0.773024613
0.506600108
1.387137375
0.909855758
0.982523072
1.347574148
0.617989611
0.906224741
1.39621898
1.309138312
1.458806119
1.445056963
1.320081607
1.494234004
1.360892217
0.408922993
1.40380352
1.169396287
1.054637804
1.10907313
1.118070749
0.895552837
1.192860581
1.412891483
1.36488963
1.039570927
1.527326147
1.302862334
0.875392766
1.040095357
0.59134491
1.13657849
0.608637156
0.030369084
0.570302639
1.06768334
0.83199734
0.493018242
-0.063808974
0.674478833
1.108525168
1.421088135
0.392137213
1.032856441
1.30168179
0.313112935
0.463957253
0.557846497
1.172509092
1.020047031
1.273143058
1.112585644
1.033367216
0.850419328
1.026971706
1.03790655
1.352357597
1.04922967
0.936709636
1.313690091
0.831787102
1.233850142
0.729295411
1.120835541
0.855464665
0.929444594
1.149755849
0.984270332
0.600742683
0.625276163
0.82999937
1.057371577
0.738293091
1.236556119
0.751942741
0.400114667
0.554938961
0.861672752
0.821870543
0.841822702
1.021394643
0.840507877
1.309089908
1.472905721
0.941425966
0.942566583
0.505071815
0.844795805
0.966929394
0.730143952
0.927710769
1.175029581
0.800754946
1.172259744
0.787886521
1.16459165
0.495172003
0.525097182
1.033960283
0.952059726
1.353359144
0.312211028
0.400114667
0.446263797
0.804897399
1.177459709
0.941722956
1.264996527
0.901471912
0.970286306
0.378164399
1.062881858
0.963817715
0.861335711
1.18509839
0.773024613
0.506600108
